i = 96 nb = 96
i = 384 nb = 384
i = 576 nb = 576
nbV = 384
nbI = 576

PLANE 0:
(0.00, 0.00, 3.00) [0.00, 0.00]
(0.00, 0.00, 19.00) [0.00, 0.02]
(0.00, 16.00, 19.00) [1.00, 0.02]
(0.00, 0.00, 3.00) [0.00, 0.00]
(0.00, 16.00, 19.00) [1.00, 0.02]
(0.00, 16.00, 3.00) [1.00, 0.00]

PLANE 1:
(1.00, 0.00, 3.00) [0.00, 0.02]
(1.00, 0.00, 19.00) [0.00, 0.04]
(1.00, 16.00, 19.00) [1.00, 0.04]
(1.00, 0.00, 3.00) [0.00, 0.02]
(1.00, 16.00, 19.00) [1.00, 0.04]
(1.00, 16.00, 3.00) [1.00, 0.02]

PLANE 2:
(2.00, 0.00, 3.00) [0.00, 0.04]
(2.00, 0.00, 19.00) [0.00, 0.06]
(2.00, 16.00, 19.00) [1.00, 0.06]
(2.00, 0.00, 3.00) [0.00, 0.04]
(2.00, 16.00, 19.00) [1.00, 0.06]
(2.00, 16.00, 3.00) [1.00, 0.04]

PLANE 3:
(3.00, 0.00, 3.00) [0.00, 0.06]
(3.00, 0.00, 19.00) [0.00, 0.08]
(3.00, 16.00, 19.00) [1.00, 0.08]
(3.00, 0.00, 3.00) [0.00, 0.06]
(3.00, 16.00, 19.00) [1.00, 0.08]
(3.00, 16.00, 3.00) [1.00, 0.06]

PLANE 4:
(4.00, 0.00, 3.00) [0.00, 0.08]
(4.00, 0.00, 19.00) [0.00, 0.10]
(4.00, 16.00, 19.00) [1.00, 0.10]
(4.00, 0.00, 3.00) [0.00, 0.08]
(4.00, 16.00, 19.00) [1.00, 0.10]
(4.00, 16.00, 3.00) [1.00, 0.08]

PLANE 5:
(5.00, 0.00, 3.00) [0.00, 0.10]
(5.00, 0.00, 19.00) [0.00, 0.12]
(5.00, 16.00, 19.00) [1.00, 0.12]
(5.00, 0.00, 3.00) [0.00, 0.10]
(5.00, 16.00, 19.00) [1.00, 0.12]
(5.00, 16.00, 3.00) [1.00, 0.10]

PLANE 6:
(6.00, 0.00, 3.00) [0.00, 0.12]
(6.00, 0.00, 19.00) [0.00, 0.15]
(6.00, 16.00, 19.00) [1.00, 0.15]
(6.00, 0.00, 3.00) [0.00, 0.12]
(6.00, 16.00, 19.00) [1.00, 0.15]
(6.00, 16.00, 3.00) [1.00, 0.12]

PLANE 7:
(7.00, 0.00, 3.00) [0.00, 0.15]
(7.00, 0.00, 19.00) [0.00, 0.17]
(7.00, 16.00, 19.00) [1.00, 0.17]
(7.00, 0.00, 3.00) [0.00, 0.15]
(7.00, 16.00, 19.00) [1.00, 0.17]
(7.00, 16.00, 3.00) [1.00, 0.15]

PLANE 8:
(8.00, 0.00, 3.00) [0.00, 0.17]
(8.00, 0.00, 19.00) [0.00, 0.19]
(8.00, 16.00, 19.00) [1.00, 0.19]
(8.00, 0.00, 3.00) [0.00, 0.17]
(8.00, 16.00, 19.00) [1.00, 0.19]
(8.00, 16.00, 3.00) [1.00, 0.17]

PLANE 9:
(9.00, 0.00, 3.00) [0.00, 0.19]
(9.00, 0.00, 19.00) [0.00, 0.21]
(9.00, 16.00, 19.00) [1.00, 0.21]
(9.00, 0.00, 3.00) [0.00, 0.19]
(9.00, 16.00, 19.00) [1.00, 0.21]
(9.00, 16.00, 3.00) [1.00, 0.19]

PLANE 10:
(10.00, 0.00, 3.00) [0.00, 0.21]
(10.00, 0.00, 19.00) [0.00, 0.23]
(10.00, 16.00, 19.00) [1.00, 0.23]
(10.00, 0.00, 3.00) [0.00, 0.21]
(10.00, 16.00, 19.00) [1.00, 0.23]
(10.00, 16.00, 3.00) [1.00, 0.21]

PLANE 11:
(11.00, 0.00, 3.00) [0.00, 0.23]
(11.00, 0.00, 19.00) [0.00, 0.25]
(11.00, 16.00, 19.00) [1.00, 0.25]
(11.00, 0.00, 3.00) [0.00, 0.23]
(11.00, 16.00, 19.00) [1.00, 0.25]
(11.00, 16.00, 3.00) [1.00, 0.23]

PLANE 12:
(12.00, 0.00, 3.00) [0.00, 0.25]
(12.00, 0.00, 19.00) [0.00, 0.27]
(12.00, 16.00, 19.00) [1.00, 0.27]
(12.00, 0.00, 3.00) [0.00, 0.25]
(12.00, 16.00, 19.00) [1.00, 0.27]
(12.00, 16.00, 3.00) [1.00, 0.25]

PLANE 13:
(13.00, 0.00, 3.00) [0.00, 0.27]
(13.00, 0.00, 19.00) [0.00, 0.29]
(13.00, 16.00, 19.00) [1.00, 0.29]
(13.00, 0.00, 3.00) [0.00, 0.27]
(13.00, 16.00, 19.00) [1.00, 0.29]
(13.00, 16.00, 3.00) [1.00, 0.27]

PLANE 14:
(14.00, 0.00, 3.00) [0.00, 0.29]
(14.00, 0.00, 19.00) [0.00, 0.31]
(14.00, 16.00, 19.00) [1.00, 0.31]
(14.00, 0.00, 3.00) [0.00, 0.29]
(14.00, 16.00, 19.00) [1.00, 0.31]
(14.00, 16.00, 3.00) [1.00, 0.29]

PLANE 15:
(15.00, 0.00, 3.00) [0.00, 0.31]
(15.00, 0.00, 19.00) [0.00, 0.33]
(15.00, 16.00, 19.00) [1.00, 0.33]
(15.00, 0.00, 3.00) [0.00, 0.31]
(15.00, 16.00, 19.00) [1.00, 0.33]
(15.00, 16.00, 3.00) [1.00, 0.31]

PLANE 16:
(1.00, 0.00, 3.00) [0.00, 0.00]
(1.00, 16.00, 3.00) [1.00, 0.00]
(1.00, 16.00, 19.00) [1.00, 0.02]
(1.00, 0.00, 3.00) [0.00, 0.00]
(1.00, 16.00, 19.00) [1.00, 0.02]
(1.00, 0.00, 19.00) [0.00, 0.02]

PLANE 17:
(2.00, 0.00, 3.00) [0.00, 0.02]
(2.00, 16.00, 3.00) [1.00, 0.02]
(2.00, 16.00, 19.00) [1.00, 0.04]
(2.00, 0.00, 3.00) [0.00, 0.02]
(2.00, 16.00, 19.00) [1.00, 0.04]
(2.00, 0.00, 19.00) [0.00, 0.04]

PLANE 18:
(3.00, 0.00, 3.00) [0.00, 0.04]
(3.00, 16.00, 3.00) [1.00, 0.04]
(3.00, 16.00, 19.00) [1.00, 0.06]
(3.00, 0.00, 3.00) [0.00, 0.04]
(3.00, 16.00, 19.00) [1.00, 0.06]
(3.00, 0.00, 19.00) [0.00, 0.06]

PLANE 19:
(4.00, 0.00, 3.00) [0.00, 0.06]
(4.00, 16.00, 3.00) [1.00, 0.06]
(4.00, 16.00, 19.00) [1.00, 0.08]
(4.00, 0.00, 3.00) [0.00, 0.06]
(4.00, 16.00, 19.00) [1.00, 0.08]
(4.00, 0.00, 19.00) [0.00, 0.08]

PLANE 20:
(5.00, 0.00, 3.00) [0.00, 0.08]
(5.00, 16.00, 3.00) [1.00, 0.08]
(5.00, 16.00, 19.00) [1.00, 0.10]
(5.00, 0.00, 3.00) [0.00, 0.08]
(5.00, 16.00, 19.00) [1.00, 0.10]
(5.00, 0.00, 19.00) [0.00, 0.10]

PLANE 21:
(6.00, 0.00, 3.00) [0.00, 0.10]
(6.00, 16.00, 3.00) [1.00, 0.10]
(6.00, 16.00, 19.00) [1.00, 0.12]
(6.00, 0.00, 3.00) [0.00, 0.10]
(6.00, 16.00, 19.00) [1.00, 0.12]
(6.00, 0.00, 19.00) [0.00, 0.12]

PLANE 22:
(7.00, 0.00, 3.00) [0.00, 0.12]
(7.00, 16.00, 3.00) [1.00, 0.12]
(7.00, 16.00, 19.00) [1.00, 0.15]
(7.00, 0.00, 3.00) [0.00, 0.12]
(7.00, 16.00, 19.00) [1.00, 0.15]
(7.00, 0.00, 19.00) [0.00, 0.15]

PLANE 23:
(8.00, 0.00, 3.00) [0.00, 0.15]
(8.00, 16.00, 3.00) [1.00, 0.15]
(8.00, 16.00, 19.00) [1.00, 0.17]
(8.00, 0.00, 3.00) [0.00, 0.15]
(8.00, 16.00, 19.00) [1.00, 0.17]
(8.00, 0.00, 19.00) [0.00, 0.17]

PLANE 24:
(9.00, 0.00, 3.00) [0.00, 0.17]
(9.00, 16.00, 3.00) [1.00, 0.17]
(9.00, 16.00, 19.00) [1.00, 0.19]
(9.00, 0.00, 3.00) [0.00, 0.17]
(9.00, 16.00, 19.00) [1.00, 0.19]
(9.00, 0.00, 19.00) [0.00, 0.19]

PLANE 25:
(10.00, 0.00, 3.00) [0.00, 0.19]
(10.00, 16.00, 3.00) [1.00, 0.19]
(10.00, 16.00, 19.00) [1.00, 0.21]
(10.00, 0.00, 3.00) [0.00, 0.19]
(10.00, 16.00, 19.00) [1.00, 0.21]
(10.00, 0.00, 19.00) [0.00, 0.21]

PLANE 26:
(11.00, 0.00, 3.00) [0.00, 0.21]
(11.00, 16.00, 3.00) [1.00, 0.21]
(11.00, 16.00, 19.00) [1.00, 0.23]
(11.00, 0.00, 3.00) [0.00, 0.21]
(11.00, 16.00, 19.00) [1.00, 0.23]
(11.00, 0.00, 19.00) [0.00, 0.23]

PLANE 27:
(12.00, 0.00, 3.00) [0.00, 0.23]
(12.00, 16.00, 3.00) [1.00, 0.23]
(12.00, 16.00, 19.00) [1.00, 0.25]
(12.00, 0.00, 3.00) [0.00, 0.23]
(12.00, 16.00, 19.00) [1.00, 0.25]
(12.00, 0.00, 19.00) [0.00, 0.25]

PLANE 28:
(13.00, 0.00, 3.00) [0.00, 0.25]
(13.00, 16.00, 3.00) [1.00, 0.25]
(13.00, 16.00, 19.00) [1.00, 0.27]
(13.00, 0.00, 3.00) [0.00, 0.25]
(13.00, 16.00, 19.00) [1.00, 0.27]
(13.00, 0.00, 19.00) [0.00, 0.27]

PLANE 29:
(14.00, 0.00, 3.00) [0.00, 0.27]
(14.00, 16.00, 3.00) [1.00, 0.27]
(14.00, 16.00, 19.00) [1.00, 0.29]
(14.00, 0.00, 3.00) [0.00, 0.27]
(14.00, 16.00, 19.00) [1.00, 0.29]
(14.00, 0.00, 19.00) [0.00, 0.29]

PLANE 30:
(15.00, 0.00, 3.00) [0.00, 0.29]
(15.00, 16.00, 3.00) [1.00, 0.29]
(15.00, 16.00, 19.00) [1.00, 0.31]
(15.00, 0.00, 3.00) [0.00, 0.29]
(15.00, 16.00, 19.00) [1.00, 0.31]
(15.00, 0.00, 19.00) [0.00, 0.31]

PLANE 31:
(16.00, 0.00, 3.00) [0.00, 0.31]
(16.00, 16.00, 3.00) [1.00, 0.31]
(16.00, 16.00, 19.00) [1.00, 0.33]
(16.00, 0.00, 3.00) [0.00, 0.31]
(16.00, 16.00, 19.00) [1.00, 0.33]
(16.00, 0.00, 19.00) [0.00, 0.33]

PLANE 32:
(0.00, 0.00, 3.00) [0.00, 0.67]
(0.00, 16.00, 3.00) [0.00, 0.69]
(16.00, 16.00, 3.00) [1.00, 0.69]
(0.00, 0.00, 3.00) [0.00, 0.67]
(16.00, 16.00, 3.00) [1.00, 0.69]
(16.00, 0.00, 3.00) [1.00, 0.67]

PLANE 33:
(0.00, 0.00, 4.00) [0.00, 0.69]
(0.00, 16.00, 4.00) [0.00, 0.71]
(16.00, 16.00, 4.00) [1.00, 0.71]
(0.00, 0.00, 4.00) [0.00, 0.69]
(16.00, 16.00, 4.00) [1.00, 0.71]
(16.00, 0.00, 4.00) [1.00, 0.69]

PLANE 34:
(0.00, 0.00, 5.00) [0.00, 0.71]
(0.00, 16.00, 5.00) [0.00, 0.73]
(16.00, 16.00, 5.00) [1.00, 0.73]
(0.00, 0.00, 5.00) [0.00, 0.71]
(16.00, 16.00, 5.00) [1.00, 0.73]
(16.00, 0.00, 5.00) [1.00, 0.71]

PLANE 35:
(0.00, 0.00, 6.00) [0.00, 0.73]
(0.00, 16.00, 6.00) [0.00, 0.75]
(16.00, 16.00, 6.00) [1.00, 0.75]
(0.00, 0.00, 6.00) [0.00, 0.73]
(16.00, 16.00, 6.00) [1.00, 0.75]
(16.00, 0.00, 6.00) [1.00, 0.73]

PLANE 36:
(0.00, 0.00, 7.00) [0.00, 0.75]
(0.00, 16.00, 7.00) [0.00, 0.77]
(16.00, 16.00, 7.00) [1.00, 0.77]
(0.00, 0.00, 7.00) [0.00, 0.75]
(16.00, 16.00, 7.00) [1.00, 0.77]
(16.00, 0.00, 7.00) [1.00, 0.75]

PLANE 37:
(0.00, 0.00, 8.00) [0.00, 0.77]
(0.00, 16.00, 8.00) [0.00, 0.79]
(16.00, 16.00, 8.00) [1.00, 0.79]
(0.00, 0.00, 8.00) [0.00, 0.77]
(16.00, 16.00, 8.00) [1.00, 0.79]
(16.00, 0.00, 8.00) [1.00, 0.77]

PLANE 38:
(0.00, 0.00, 9.00) [0.00, 0.79]
(0.00, 16.00, 9.00) [0.00, 0.81]
(16.00, 16.00, 9.00) [1.00, 0.81]
(0.00, 0.00, 9.00) [0.00, 0.79]
(16.00, 16.00, 9.00) [1.00, 0.81]
(16.00, 0.00, 9.00) [1.00, 0.79]

PLANE 39:
(0.00, 0.00, 10.00) [0.00, 0.81]
(0.00, 16.00, 10.00) [0.00, 0.83]
(16.00, 16.00, 10.00) [1.00, 0.83]
(0.00, 0.00, 10.00) [0.00, 0.81]
(16.00, 16.00, 10.00) [1.00, 0.83]
(16.00, 0.00, 10.00) [1.00, 0.81]

PLANE 40:
(0.00, 0.00, 11.00) [0.00, 0.83]
(0.00, 16.00, 11.00) [0.00, 0.85]
(16.00, 16.00, 11.00) [1.00, 0.85]
(0.00, 0.00, 11.00) [0.00, 0.83]
(16.00, 16.00, 11.00) [1.00, 0.85]
(16.00, 0.00, 11.00) [1.00, 0.83]

PLANE 41:
(0.00, 0.00, 12.00) [0.00, 0.85]
(0.00, 16.00, 12.00) [0.00, 0.88]
(16.00, 16.00, 12.00) [1.00, 0.88]
(0.00, 0.00, 12.00) [0.00, 0.85]
(16.00, 16.00, 12.00) [1.00, 0.88]
(16.00, 0.00, 12.00) [1.00, 0.85]

PLANE 42:
(0.00, 0.00, 13.00) [0.00, 0.88]
(0.00, 16.00, 13.00) [0.00, 0.90]
(16.00, 16.00, 13.00) [1.00, 0.90]
(0.00, 0.00, 13.00) [0.00, 0.88]
(16.00, 16.00, 13.00) [1.00, 0.90]
(16.00, 0.00, 13.00) [1.00, 0.88]

PLANE 43:
(0.00, 0.00, 14.00) [0.00, 0.90]
(0.00, 16.00, 14.00) [0.00, 0.92]
(16.00, 16.00, 14.00) [1.00, 0.92]
(0.00, 0.00, 14.00) [0.00, 0.90]
(16.00, 16.00, 14.00) [1.00, 0.92]
(16.00, 0.00, 14.00) [1.00, 0.90]

PLANE 44:
(0.00, 0.00, 15.00) [0.00, 0.92]
(0.00, 16.00, 15.00) [0.00, 0.94]
(16.00, 16.00, 15.00) [1.00, 0.94]
(0.00, 0.00, 15.00) [0.00, 0.92]
(16.00, 16.00, 15.00) [1.00, 0.94]
(16.00, 0.00, 15.00) [1.00, 0.92]

PLANE 45:
(0.00, 0.00, 16.00) [0.00, 0.94]
(0.00, 16.00, 16.00) [0.00, 0.96]
(16.00, 16.00, 16.00) [1.00, 0.96]
(0.00, 0.00, 16.00) [0.00, 0.94]
(16.00, 16.00, 16.00) [1.00, 0.96]
(16.00, 0.00, 16.00) [1.00, 0.94]

PLANE 46:
(0.00, 0.00, 17.00) [0.00, 0.96]
(0.00, 16.00, 17.00) [0.00, 0.98]
(16.00, 16.00, 17.00) [1.00, 0.98]
(0.00, 0.00, 17.00) [0.00, 0.96]
(16.00, 16.00, 17.00) [1.00, 0.98]
(16.00, 0.00, 17.00) [1.00, 0.96]

PLANE 47:
(0.00, 0.00, 18.00) [0.00, 0.98]
(0.00, 16.00, 18.00) [0.00, 1.00]
(16.00, 16.00, 18.00) [1.00, 1.00]
(0.00, 0.00, 18.00) [0.00, 0.98]
(16.00, 16.00, 18.00) [1.00, 1.00]
(16.00, 0.00, 18.00) [1.00, 0.98]

PLANE 48:
(0.00, 0.00, 4.00) [0.00, 0.67]
(16.00, 0.00, 4.00) [1.00, 0.67]
(16.00, 16.00, 4.00) [1.00, 0.69]
(0.00, 0.00, 4.00) [0.00, 0.67]
(16.00, 16.00, 4.00) [1.00, 0.69]
(0.00, 16.00, 4.00) [0.00, 0.69]

PLANE 49:
(0.00, 0.00, 5.00) [0.00, 0.69]
(16.00, 0.00, 5.00) [1.00, 0.69]
(16.00, 16.00, 5.00) [1.00, 0.71]
(0.00, 0.00, 5.00) [0.00, 0.69]
(16.00, 16.00, 5.00) [1.00, 0.71]
(0.00, 16.00, 5.00) [0.00, 0.71]

PLANE 50:
(0.00, 0.00, 6.00) [0.00, 0.71]
(16.00, 0.00, 6.00) [1.00, 0.71]
(16.00, 16.00, 6.00) [1.00, 0.73]
(0.00, 0.00, 6.00) [0.00, 0.71]
(16.00, 16.00, 6.00) [1.00, 0.73]
(0.00, 16.00, 6.00) [0.00, 0.73]

PLANE 51:
(0.00, 0.00, 7.00) [0.00, 0.73]
(16.00, 0.00, 7.00) [1.00, 0.73]
(16.00, 16.00, 7.00) [1.00, 0.75]
(0.00, 0.00, 7.00) [0.00, 0.73]
(16.00, 16.00, 7.00) [1.00, 0.75]
(0.00, 16.00, 7.00) [0.00, 0.75]

PLANE 52:
(0.00, 0.00, 8.00) [0.00, 0.75]
(16.00, 0.00, 8.00) [1.00, 0.75]
(16.00, 16.00, 8.00) [1.00, 0.77]
(0.00, 0.00, 8.00) [0.00, 0.75]
(16.00, 16.00, 8.00) [1.00, 0.77]
(0.00, 16.00, 8.00) [0.00, 0.77]

PLANE 53:
(0.00, 0.00, 9.00) [0.00, 0.77]
(16.00, 0.00, 9.00) [1.00, 0.77]
(16.00, 16.00, 9.00) [1.00, 0.79]
(0.00, 0.00, 9.00) [0.00, 0.77]
(16.00, 16.00, 9.00) [1.00, 0.79]
(0.00, 16.00, 9.00) [0.00, 0.79]

PLANE 54:
(0.00, 0.00, 10.00) [0.00, 0.79]
(16.00, 0.00, 10.00) [1.00, 0.79]
(16.00, 16.00, 10.00) [1.00, 0.81]
(0.00, 0.00, 10.00) [0.00, 0.79]
(16.00, 16.00, 10.00) [1.00, 0.81]
(0.00, 16.00, 10.00) [0.00, 0.81]

PLANE 55:
(0.00, 0.00, 11.00) [0.00, 0.81]
(16.00, 0.00, 11.00) [1.00, 0.81]
(16.00, 16.00, 11.00) [1.00, 0.83]
(0.00, 0.00, 11.00) [0.00, 0.81]
(16.00, 16.00, 11.00) [1.00, 0.83]
(0.00, 16.00, 11.00) [0.00, 0.83]

PLANE 56:
(0.00, 0.00, 12.00) [0.00, 0.83]
(16.00, 0.00, 12.00) [1.00, 0.83]
(16.00, 16.00, 12.00) [1.00, 0.85]
(0.00, 0.00, 12.00) [0.00, 0.83]
(16.00, 16.00, 12.00) [1.00, 0.85]
(0.00, 16.00, 12.00) [0.00, 0.85]

PLANE 57:
(0.00, 0.00, 13.00) [0.00, 0.85]
(16.00, 0.00, 13.00) [1.00, 0.85]
(16.00, 16.00, 13.00) [1.00, 0.88]
(0.00, 0.00, 13.00) [0.00, 0.85]
(16.00, 16.00, 13.00) [1.00, 0.88]
(0.00, 16.00, 13.00) [0.00, 0.88]

PLANE 58:
(0.00, 0.00, 14.00) [0.00, 0.88]
(16.00, 0.00, 14.00) [1.00, 0.88]
(16.00, 16.00, 14.00) [1.00, 0.90]
(0.00, 0.00, 14.00) [0.00, 0.88]
(16.00, 16.00, 14.00) [1.00, 0.90]
(0.00, 16.00, 14.00) [0.00, 0.90]

PLANE 59:
(0.00, 0.00, 15.00) [0.00, 0.90]
(16.00, 0.00, 15.00) [1.00, 0.90]
(16.00, 16.00, 15.00) [1.00, 0.92]
(0.00, 0.00, 15.00) [0.00, 0.90]
(16.00, 16.00, 15.00) [1.00, 0.92]
(0.00, 16.00, 15.00) [0.00, 0.92]

PLANE 60:
(0.00, 0.00, 16.00) [0.00, 0.92]
(16.00, 0.00, 16.00) [1.00, 0.92]
(16.00, 16.00, 16.00) [1.00, 0.94]
(0.00, 0.00, 16.00) [0.00, 0.92]
(16.00, 16.00, 16.00) [1.00, 0.94]
(0.00, 16.00, 16.00) [0.00, 0.94]

PLANE 61:
(0.00, 0.00, 17.00) [0.00, 0.94]
(16.00, 0.00, 17.00) [1.00, 0.94]
(16.00, 16.00, 17.00) [1.00, 0.96]
(0.00, 0.00, 17.00) [0.00, 0.94]
(16.00, 16.00, 17.00) [1.00, 0.96]
(0.00, 16.00, 17.00) [0.00, 0.96]

PLANE 62:
(0.00, 0.00, 18.00) [0.00, 0.96]
(16.00, 0.00, 18.00) [1.00, 0.96]
(16.00, 16.00, 18.00) [1.00, 0.98]
(0.00, 0.00, 18.00) [0.00, 0.96]
(16.00, 16.00, 18.00) [1.00, 0.98]
(0.00, 16.00, 18.00) [0.00, 0.98]

PLANE 63:
(0.00, 0.00, 19.00) [0.00, 0.98]
(16.00, 0.00, 19.00) [1.00, 0.98]
(16.00, 16.00, 19.00) [1.00, 1.00]
(0.00, 0.00, 19.00) [0.00, 0.98]
(16.00, 16.00, 19.00) [1.00, 1.00]
(0.00, 16.00, 19.00) [0.00, 1.00]

PLANE 64:
(0.00, 0.00, 3.00) [0.00, 0.33]
(16.00, 0.00, 3.00) [1.00, 0.33]
(16.00, 0.00, 19.00) [1.00, 0.35]
(0.00, 0.00, 3.00) [0.00, 0.33]
(16.00, 0.00, 19.00) [1.00, 0.35]
(0.00, 0.00, 19.00) [0.00, 0.35]

PLANE 65:
(0.00, 1.00, 3.00) [0.00, 0.35]
(16.00, 1.00, 3.00) [1.00, 0.35]
(16.00, 1.00, 19.00) [1.00, 0.38]
(0.00, 1.00, 3.00) [0.00, 0.35]
(16.00, 1.00, 19.00) [1.00, 0.38]
(0.00, 1.00, 19.00) [0.00, 0.38]

PLANE 66:
(0.00, 2.00, 3.00) [0.00, 0.38]
(16.00, 2.00, 3.00) [1.00, 0.38]
(16.00, 2.00, 19.00) [1.00, 0.40]
(0.00, 2.00, 3.00) [0.00, 0.38]
(16.00, 2.00, 19.00) [1.00, 0.40]
(0.00, 2.00, 19.00) [0.00, 0.40]

PLANE 67:
(0.00, 3.00, 3.00) [0.00, 0.40]
(16.00, 3.00, 3.00) [1.00, 0.40]
(16.00, 3.00, 19.00) [1.00, 0.42]
(0.00, 3.00, 3.00) [0.00, 0.40]
(16.00, 3.00, 19.00) [1.00, 0.42]
(0.00, 3.00, 19.00) [0.00, 0.42]

PLANE 68:
(0.00, 4.00, 3.00) [0.00, 0.42]
(16.00, 4.00, 3.00) [1.00, 0.42]
(16.00, 4.00, 19.00) [1.00, 0.44]
(0.00, 4.00, 3.00) [0.00, 0.42]
(16.00, 4.00, 19.00) [1.00, 0.44]
(0.00, 4.00, 19.00) [0.00, 0.44]

PLANE 69:
(0.00, 5.00, 3.00) [0.00, 0.44]
(16.00, 5.00, 3.00) [1.00, 0.44]
(16.00, 5.00, 19.00) [1.00, 0.46]
(0.00, 5.00, 3.00) [0.00, 0.44]
(16.00, 5.00, 19.00) [1.00, 0.46]
(0.00, 5.00, 19.00) [0.00, 0.46]

PLANE 70:
(0.00, 6.00, 3.00) [0.00, 0.46]
(16.00, 6.00, 3.00) [1.00, 0.46]
(16.00, 6.00, 19.00) [1.00, 0.48]
(0.00, 6.00, 3.00) [0.00, 0.46]
(16.00, 6.00, 19.00) [1.00, 0.48]
(0.00, 6.00, 19.00) [0.00, 0.48]

PLANE 71:
(0.00, 7.00, 3.00) [0.00, 0.48]
(16.00, 7.00, 3.00) [1.00, 0.48]
(16.00, 7.00, 19.00) [1.00, 0.50]
(0.00, 7.00, 3.00) [0.00, 0.48]
(16.00, 7.00, 19.00) [1.00, 0.50]
(0.00, 7.00, 19.00) [0.00, 0.50]

PLANE 72:
(0.00, 8.00, 3.00) [0.00, 0.50]
(16.00, 8.00, 3.00) [1.00, 0.50]
(16.00, 8.00, 19.00) [1.00, 0.52]
(0.00, 8.00, 3.00) [0.00, 0.50]
(16.00, 8.00, 19.00) [1.00, 0.52]
(0.00, 8.00, 19.00) [0.00, 0.52]

PLANE 73:
(0.00, 9.00, 3.00) [0.00, 0.52]
(16.00, 9.00, 3.00) [1.00, 0.52]
(16.00, 9.00, 19.00) [1.00, 0.54]
(0.00, 9.00, 3.00) [0.00, 0.52]
(16.00, 9.00, 19.00) [1.00, 0.54]
(0.00, 9.00, 19.00) [0.00, 0.54]

PLANE 74:
(0.00, 10.00, 3.00) [0.00, 0.54]
(16.00, 10.00, 3.00) [1.00, 0.54]
(16.00, 10.00, 19.00) [1.00, 0.56]
(0.00, 10.00, 3.00) [0.00, 0.54]
(16.00, 10.00, 19.00) [1.00, 0.56]
(0.00, 10.00, 19.00) [0.00, 0.56]

PLANE 75:
(0.00, 11.00, 3.00) [0.00, 0.56]
(16.00, 11.00, 3.00) [1.00, 0.56]
(16.00, 11.00, 19.00) [1.00, 0.58]
(0.00, 11.00, 3.00) [0.00, 0.56]
(16.00, 11.00, 19.00) [1.00, 0.58]
(0.00, 11.00, 19.00) [0.00, 0.58]

PLANE 76:
(0.00, 12.00, 3.00) [0.00, 0.58]
(16.00, 12.00, 3.00) [1.00, 0.58]
(16.00, 12.00, 19.00) [1.00, 0.60]
(0.00, 12.00, 3.00) [0.00, 0.58]
(16.00, 12.00, 19.00) [1.00, 0.60]
(0.00, 12.00, 19.00) [0.00, 0.60]

PLANE 77:
(0.00, 13.00, 3.00) [0.00, 0.60]
(16.00, 13.00, 3.00) [1.00, 0.60]
(16.00, 13.00, 19.00) [1.00, 0.62]
(0.00, 13.00, 3.00) [0.00, 0.60]
(16.00, 13.00, 19.00) [1.00, 0.62]
(0.00, 13.00, 19.00) [0.00, 0.62]

PLANE 78:
(0.00, 14.00, 3.00) [0.00, 0.62]
(16.00, 14.00, 3.00) [1.00, 0.62]
(16.00, 14.00, 19.00) [1.00, 0.65]
(0.00, 14.00, 3.00) [0.00, 0.62]
(16.00, 14.00, 19.00) [1.00, 0.65]
(0.00, 14.00, 19.00) [0.00, 0.65]

PLANE 79:
(0.00, 15.00, 3.00) [0.00, 0.65]
(16.00, 15.00, 3.00) [1.00, 0.65]
(16.00, 15.00, 19.00) [1.00, 0.67]
(0.00, 15.00, 3.00) [0.00, 0.65]
(16.00, 15.00, 19.00) [1.00, 0.67]
(0.00, 15.00, 19.00) [0.00, 0.67]

PLANE 80:
(0.00, 1.00, 3.00) [0.00, 0.33]
(0.00, 1.00, 19.00) [0.00, 0.35]
(16.00, 1.00, 19.00) [1.00, 0.35]
(0.00, 1.00, 3.00) [0.00, 0.33]
(16.00, 1.00, 19.00) [1.00, 0.35]
(16.00, 1.00, 3.00) [1.00, 0.33]

PLANE 81:
(0.00, 2.00, 3.00) [0.00, 0.35]
(0.00, 2.00, 19.00) [0.00, 0.38]
(16.00, 2.00, 19.00) [1.00, 0.38]
(0.00, 2.00, 3.00) [0.00, 0.35]
(16.00, 2.00, 19.00) [1.00, 0.38]
(16.00, 2.00, 3.00) [1.00, 0.35]

PLANE 82:
(0.00, 3.00, 3.00) [0.00, 0.38]
(0.00, 3.00, 19.00) [0.00, 0.40]
(16.00, 3.00, 19.00) [1.00, 0.40]
(0.00, 3.00, 3.00) [0.00, 0.38]
(16.00, 3.00, 19.00) [1.00, 0.40]
(16.00, 3.00, 3.00) [1.00, 0.38]

PLANE 83:
(0.00, 4.00, 3.00) [0.00, 0.40]
(0.00, 4.00, 19.00) [0.00, 0.42]
(16.00, 4.00, 19.00) [1.00, 0.42]
(0.00, 4.00, 3.00) [0.00, 0.40]
(16.00, 4.00, 19.00) [1.00, 0.42]
(16.00, 4.00, 3.00) [1.00, 0.40]

PLANE 84:
(0.00, 5.00, 3.00) [0.00, 0.42]
(0.00, 5.00, 19.00) [0.00, 0.44]
(16.00, 5.00, 19.00) [1.00, 0.44]
(0.00, 5.00, 3.00) [0.00, 0.42]
(16.00, 5.00, 19.00) [1.00, 0.44]
(16.00, 5.00, 3.00) [1.00, 0.42]

PLANE 85:
(0.00, 6.00, 3.00) [0.00, 0.44]
(0.00, 6.00, 19.00) [0.00, 0.46]
(16.00, 6.00, 19.00) [1.00, 0.46]
(0.00, 6.00, 3.00) [0.00, 0.44]
(16.00, 6.00, 19.00) [1.00, 0.46]
(16.00, 6.00, 3.00) [1.00, 0.44]

PLANE 86:
(0.00, 7.00, 3.00) [0.00, 0.46]
(0.00, 7.00, 19.00) [0.00, 0.48]
(16.00, 7.00, 19.00) [1.00, 0.48]
(0.00, 7.00, 3.00) [0.00, 0.46]
(16.00, 7.00, 19.00) [1.00, 0.48]
(16.00, 7.00, 3.00) [1.00, 0.46]

PLANE 87:
(0.00, 8.00, 3.00) [0.00, 0.48]
(0.00, 8.00, 19.00) [0.00, 0.50]
(16.00, 8.00, 19.00) [1.00, 0.50]
(0.00, 8.00, 3.00) [0.00, 0.48]
(16.00, 8.00, 19.00) [1.00, 0.50]
(16.00, 8.00, 3.00) [1.00, 0.48]

PLANE 88:
(0.00, 9.00, 3.00) [0.00, 0.50]
(0.00, 9.00, 19.00) [0.00, 0.52]
(16.00, 9.00, 19.00) [1.00, 0.52]
(0.00, 9.00, 3.00) [0.00, 0.50]
(16.00, 9.00, 19.00) [1.00, 0.52]
(16.00, 9.00, 3.00) [1.00, 0.50]

PLANE 89:
(0.00, 10.00, 3.00) [0.00, 0.52]
(0.00, 10.00, 19.00) [0.00, 0.54]
(16.00, 10.00, 19.00) [1.00, 0.54]
(0.00, 10.00, 3.00) [0.00, 0.52]
(16.00, 10.00, 19.00) [1.00, 0.54]
(16.00, 10.00, 3.00) [1.00, 0.52]

PLANE 90:
(0.00, 11.00, 3.00) [0.00, 0.54]
(0.00, 11.00, 19.00) [0.00, 0.56]
(16.00, 11.00, 19.00) [1.00, 0.56]
(0.00, 11.00, 3.00) [0.00, 0.54]
(16.00, 11.00, 19.00) [1.00, 0.56]
(16.00, 11.00, 3.00) [1.00, 0.54]

PLANE 91:
(0.00, 12.00, 3.00) [0.00, 0.56]
(0.00, 12.00, 19.00) [0.00, 0.58]
(16.00, 12.00, 19.00) [1.00, 0.58]
(0.00, 12.00, 3.00) [0.00, 0.56]
(16.00, 12.00, 19.00) [1.00, 0.58]
(16.00, 12.00, 3.00) [1.00, 0.56]

PLANE 92:
(0.00, 13.00, 3.00) [0.00, 0.58]
(0.00, 13.00, 19.00) [0.00, 0.60]
(16.00, 13.00, 19.00) [1.00, 0.60]
(0.00, 13.00, 3.00) [0.00, 0.58]
(16.00, 13.00, 19.00) [1.00, 0.60]
(16.00, 13.00, 3.00) [1.00, 0.58]

PLANE 93:
(0.00, 14.00, 3.00) [0.00, 0.60]
(0.00, 14.00, 19.00) [0.00, 0.62]
(16.00, 14.00, 19.00) [1.00, 0.62]
(0.00, 14.00, 3.00) [0.00, 0.60]
(16.00, 14.00, 19.00) [1.00, 0.62]
(16.00, 14.00, 3.00) [1.00, 0.60]

PLANE 94:
(0.00, 15.00, 3.00) [0.00, 0.62]
(0.00, 15.00, 19.00) [0.00, 0.65]
(16.00, 15.00, 19.00) [1.00, 0.65]
(0.00, 15.00, 3.00) [0.00, 0.62]
(16.00, 15.00, 19.00) [1.00, 0.65]
(16.00, 15.00, 3.00) [1.00, 0.62]

PLANE 95:
(0.00, 16.00, 3.00) [0.00, 0.65]
(0.00, 16.00, 19.00) [0.00, 0.67]
(16.00, 16.00, 19.00) [1.00, 0.67]
(0.00, 16.00, 3.00) [0.00, 0.65]
(16.00, 16.00, 19.00) [1.00, 0.67]
(16.00, 16.00, 3.00) [1.00, 0.65]
